0  4  
0  5  
0  6  
0  7  
0  14  
0  24  
1  4  
1  5  
2  4  
2  5  
3  4  
3  6  
3  7  
3  8  
3  10  
3  11  
3  13  
3  14  
3  15  
3  22  
3  29  
3  30  
3  31  
4  32  
4  5  
4  6  
4  7  
4  8  
4  9  
4  16  
4  18  
4  20  
4  21  
4  23  
4  24  
4  25  
4  26  
4  31  
5  6  
5  7  
5  9  
5  11  
5  12  
5  13  
5  14  
5  16  
5  17  
5  18  
5  19  
5  22  
5  23  
5  24  
5  25  
5  28  
5  32  
5  33  
6  33  
6  8  
6  10  
6  13  
6  14  
6  18  
6  21  
6  23  
6  27  
7  32  
7  8  
7  9  
7  11  
7  12  
7  13  
7  16  
7  17  
7  18  
7  19  
7  28  
7  30  
8  32  
8  34  
8  9  
8  10  
8  12  
8  22  
9  10  
9  11  
9  12  
9  15  
9  16  
9  20  
9  25  
9  29  
10  34  
10  20  
10  21  
10  24  
10  27  
10  30  
11  15  
11  19  
11  28  
11  31  
13  26  
14  34  
14  15  
14  17  
14  20  
14  21  
14  27  
15  17  
16  19  
16  31  
18  33  
18  22  
18  29  
19  25  
19  28  
20  26  
22  23  
23  26  
23  27  
25  29  
28  30  
32  33  
33  34  
